2 16 8 16 1 
-0.451111 -0.490004 1.68978 -0.625184 0.301699 -0.668667 1.53538 -0.140417 0.623653 -0.0437218 -0.523319 -0.451523 -0.513019 -0.327082 9.24879 -0.394236 
-3.69492 -0.926772 1.92284 -1.6784 2.09161 -2.84906 0.55259 0.411242 2.8934 -6.58988 4.41313 3.73665 -5.21183 -4.25655 -1.31767 -4.11196 
1.77916 -0.69248 0.129582 2.59974 2.28941 0.910487 1.52371 -0.840177 0.468842 
-0.0327998 0.120281 -0.969744 -0.39417 0.638114 0.029116 0.910282 0.685119 1.94349 
-1.08717 0.528739 0.000166148 0.94347 -0.705772 -1.24887 -0.105437 0.367759 2.60376 
-0.28969 -0.364525 -0.854062 -1.45748 0.486684 -2.25145 2.75126 0.0258031 -1.4287 
-1.08657 -0.755121 -3.66622 -0.55134 1.29473 -0.382081 -2.52635 2.58803 3.6812 
2.85039 0.136384 0.0145342 -0.991408 -0.801277 0.469853 4.12072 -2.59985 -2.57184 
-1.04672 -1.56443 0.354884 2.01449 -0.253703 -0.0803708 -0.50991 2.88916 -0.149934 
0.684025 0.483745 -0.313977 1.24935 -0.0282908 0.131298 -0.838608 0.126953 2.55371 
-1.96593 0.697638 -1.90265 -1.0226 -1.93112 1.20379 -3.89044 1.16963 2.12966 
1.37356 -0.323129 1.18232 0.611065 2.98398 1.51418 1.46015 -1.04266 -4.84431 
-0.735227 3.33395 1.94791 0.281024 -3.70897 1.08272 -3.01939 1.65985 3.2405 
-0.57226 0.98563 -0.74628 0.540326 -4.9827 -1.13181 -3.7144 1.67212 2.92441 
4.22613 -2.28394 -0.0630715 -0.120838 0.846205 1.63175 4.46616 -3.39048 -3.16662 
2.97126 0.174857 3.77151 -1.07993 2.59839 0.493359 3.914 -0.57359 -0.696922 
-1.30187 1.24887 1.36836 -2.04957 -1.34564 1.32837 6.71548 -3.6041 -1.41853 
3.36857 -0.741995 -1.00115 0.651703 1.76299 -0.0782736 2.63589 -1.03285 -1.08559 
0.726885 1.51843 -0.273955 1.69882 -0.125568 -0.144228 2.47732 0.427019 -1.08372 2.96706 -0.57886 0.271553 0.0625205 -0.155861 -0.891541 1.55188 1.21273 
1.06703 -1.36489 0.916793 -0.143003 -0.228748 1.36013 -0.189229 -1.73066 -1.21491 -0.188835 1.32599 -1.66208 -1.30559 0.424437 2.55325 -0.428917 -0.852806 
0.305677 3.55266 0.757231 1.69616 -0.575991 0.753643 0.216767 -2.87503 -0.71152 0.378268 -2.98866 2.01 -0.798191 1.75476 -0.418488 0.275376 0.291232 
-1.31224 -0.112941 3.88828 -3.80259 -3.40048 -0.0705223 -1.12253 -1.32644 0.449148 -2.02275 0.464504 1.90208 -1.4159 2.8951 1.77467 -1.17353 -1.78808 
1.55363 -2.98956 0.697958 -2.33502 -2.87159 0.313721 0.500085 -1.28555 -0.424724 0.146181 -0.0179558 0.865562 -0.261127 1.95926 0.867161 -2.98413 0.531946 
-1.41322 -6.29892 -3.67604 1.00581 5.83249 -0.264106 0.53716 4.40422 -5.91601 -0.834637 3.71032 -1.82283 -0.370886 -4.26453 1.77456 1.07703 0.0694229 
-1.41233 4.04214 3.97582 -0.196803 -0.900043 -0.0824821 1.52715 -1.23347 3.3828 0.667408 -2.47224 -0.490568 0.72976 2.16301 0.67756 -0.155242 -0.478797 
1.9667 0.325329 -2.27553 2.3779 2.80005 -2.56066 0.107755 1.2483 2.96227 0.911391 -3.36214 -1.46174 -0.153695 -2.77256 -1.3926 1.63967 -0.999183 
0.517815 -7.42917 
0.896749 -6.81956 
-0.350159 5.12841 
-1.89767 8.86832 
-0.568823 -1.69359 
1.93714 0.246251 
0.394231 4.93727 
0.722602 -7.28317 
-0.117334 2.39271 
-0.622192 -4.06148 
0.780316 -2.54072 
-0.281606 0.566557 
0.516465 -8.16061 
-0.391117 0.636799 
0.2357 2.15164 
0.720617 1.31594 
-0.820745 
